function [q_Robot_config, q_camera_config,t_Robot_config,t_camera_config ]=data_quaternion()
% Author: Farshid Alambeigi, Spring 2017

%input: no input
%output: Preparing data for the AXXB function based on the collected data
%in Rviz
q_Robot_config=[
    -0.321, 0.087, 0.682, 0.651
    -0.747, 0.431, -0.061, 0.502
    -0.361, 0.310, 0.045, 0.878
    -0.676, 0.414, -0.038, 0.608
    -0.772, 0.256, 0.204, 0.545
    -0.070, 0.530, 0.113, 0.838
    -0.069, 0.582, 0.113, 0.803
    -0.100, 0.470, 0.167, 0.861
    -0.129, 0.463, 0.221, 0.849
    0.137, 0.433, 0.165, 0.876];


q_camera_config=[
      0.608, -0.319, 0.723, -0.077
      0.205, 0.383, -0.730, 0.527
      -0.064, -0.309, 0.948, -0.034
      -0.178, -0.379, 0.803, -0.424
      -0.104, 0.313, -0.778, 0.534
      -0.078, -0.536, 0.809, 0.226
      -0.096, -0.587, 0.775, 0.213
      -0.007, -0.502, 0.840, 0.205
      0.046, -0.513, 0.839, 0.173
      0.003, -0.465, 0.773, 0.431];

  t_Robot_config=[
      0.261, -0.369, 0.488
      0.100, 0.446, 0.506
      -0.099, -0.166, 0.677
      0.050, 0.292, 0.299
      -0.172, 0.233, 0.287
      0.379, -0.057, 0.557
      0.374, -0.058, 0.347
      0.263, -0.040, 0.398
      0.304, 0.008, 0.380
      0.254, -0.132, 0.391];
  
  t_camera_config=[
      0.252, 0.112, 0.577
      -0.282, 0.037, 0.723
      -0.312, 0.191, 0.836
      -0.076, -0.074, 0.595
      0.188, 0.023, 0.727
      0.048, 0.104, 0.549
      -0.039, -0.007, 0.363
      0.033, -0.019, 0.452
      0.103, -0.016, 0.401
      0.069, -0.013, 0.463];
      